20
  14   9
  12  16
   1  17
   8   6
   9  18
   2  17
  15  16
  14  18
  14   2
   1  20
  20   3
   4  17
   8  12
  10  11
  17   7
   8  19
  15  13
  15   4
   3   7
   5   2
  15  18
  12   9
  17  19
  17  18
  12  18
  19   8
   9  14
   8  20
  17   6
  14   9
  13  18
  14   8
  14  20
   5  11
  19  18
  20   4
   2   1
  16  11
  18  13
  10   2
  15  11
  16  15
  12  13
   8  13
  12   2
  20  20
  15   5
  17  13
  12   3
  16   7
   5   1
   8   8
   9   7
   4  16
   4   8
  19  15
  18   3
  15  15
   4   7
  12  20
  11  17
  18   6
  14   1
   5  10
  15  15
  12  14
   1  19
  17  17
  20   7
  17  16
  18   3
   7   8
   1   9
   7   1
  20   5
  10  18
   6   9
   3  14
  15   8
   7  12
  17  19
   7  18
  16   8
  18  13
   6   8
   4   1
  15  12
   1  18
  15   5
  14   8
  10   6
  15  13
   2  12
   3  10
  16  14
  17   9
  13  19
  19  18
  17   2
   4  12
  11   2
  13   9
  12  12
   5   7
  20   5
   3   8
   2   1
  12  11
  16  15
  18   1
   3  16
  12  10
  16  18
  14   1
   3   1
   7  17
   7  15
  12  18
  18   5
  16   6
  17  17
  19  11
   8   9
  12   9
   3  11
  20  19
  10  12
  10  11
  17  16
  12   2
   7   8
   6  10
   8   5
   9  19
   9  10
   9   3
  19  10
   5   4
  17  10
  13   7
   5   3
   3   6
  14   7
  19   2
  15   1
   7  14
  18   7
  20  12
  18   8
   8   1
   9  17
  20   4
  15  19
  12  19
   9  14
  16  12
   5  20
   9  14
   4   2
  19  18
   1  16
  13   8
  10   7
   1   3
  12   5
  15  18
  14  13
   2   6
   8   3
   2  11
   3  18
   4   6
  12  20
   9  20
  18   5
   4   2
   1   1
  20   3
  20  13
  16  18
  14  10
   8  18
   8  20
   2   7
   6   3
  11   9
  17   9
   5  14
  19  13
   3  15
  10  10
  18  11
  17   5
   9  13
   3   2
  12  11
  14  17
   5   3
  12  15
   2  12
  17   2
   2   7
   4  10
  19   2
   1  11
   7   8
  17   6
   2  15
   8   7
  18   4
  20  19
  10   5
   6  11
  14   9
  10  17
   4  12
   8   1
  19   3
  10  16
  17  15
   1   6
   7   3
   9  14
   1   4
   7  11
   6  15
   5   4
  19   2
   2   6
   5  13
  10  15
   9   2
   7   7
   7  20
  13   6
  11  10
  20   4
  10  18
  12  11
   4   4
  15  17
  12   1
   1   1
  18   7
  18  14
   9   7
  20   9
   6   3
  11  16
  19   1
  10   7
   6  20
  12  19
  10  10
   9   2
  13   7
   2  12
   5   7
  20  13
  18   9
  18  20
   7  10
   1   5
   3  18
   6  13
   4  11
  13   2
  20  14
   4  17
  16   5
   7  10
   4   1
  14   4
  13   1
   5   1
  20   6
  13   8
  11  15
   5   6
   6   3
  17   6
   6   7
  19   2
   9  17
   4  12
  19   7
  14  12
  20  15
   5   6
  10  16
   2  10
   5   6
   8   9
   6  13
   7  19
  17   5
  18  15
  20   9
  20   3
  12  18
   3   9
  12   6
  10  10
  19  11
  11   3
   6  15
  12  17
  20   1
  17  13
   2   3
   9  13
   9  14
  20  15
   2  19
   5   7
   7  18
  20   6
  10  14
